[  953.013670] [Project1] 2614 1588142004.259491014 1588142005.299764568
[  955.069641] [Project1] 2615 1588142006.393096262 1588142007.355711343
[  957.205461] [Project1] 2616 1588142008.540223062 1588142009.491555423
[  959.222880] [Project1] 2617 1588142010.506100289 1588142011.508976632
[  961.361752] [Project1] 2618 1588142012.692149074 1588142013.647849030
[  963.260032] [Project1] 2619 1588142014.679554456 1588142015.546129119
[  965.147809] [Project1] 2620 1588142016.528071237 1588142017.433904241
[  967.065640] [Project1] 2621 1588142018.420081255 1588142019.351736535
[  969.046771] [Project1] 2622 1588142020.409074828 1588142021.332867097
[  970.925547] [Project1] 2623 1588142022.313681139 1588142023.211642751
